<?xml version="1.0"?>
<opencv_storage>
<CalibrationData>
  <camera_matrix type_id="opencv-matrix">
    <rows>3</rows>
    <cols>3</cols>
    <dt>d</dt>
    <data>
      9.0500769525586963e+02 0. 9.6719531385668836e+02 0.
      9.1029976099891610e+02 5.9638049825649330e+02 0. 0. 1.</data></camera_matrix>
  <distortion_coefficients type_id="opencv-matrix">
    <rows>12</rows>
    <cols>1</cols>
    <dt>d</dt>
    <data>
      3.6179331933031036e+00 2.6358329013146292e-01
      3.5605696007609440e-02 6.6968058549634352e-03
      8.3352511265033014e-01 3.6311018354577174e+00
      3.7458265965286619e-01 8.7344370740089294e-01
      -9.3772469057126096e-03 3.5693106940527228e-04
      -3.7349964663099873e-02 -1.3619950237780053e-03</data></distortion_coefficients>
  <flag>49152</flag>
  <imageSize>
    1920 1080</imageSize></CalibrationData>
</opencv_storage>
