<?xml version="1.0"?>
<opencv_storage>
<CalibrationData>
  <camera_matrix type_id="opencv-matrix">
    <rows>3</rows>
    <cols>3</cols>
    <dt>d</dt>
    <data>
      8.4398153931180082e+02 0. 9.6050569750192085e+02 0.
      8.4175166247145717e+02 7.2585953705112945e+02 0. 0. 1.</data></camera_matrix>
  <distortion_coefficients type_id="opencv-matrix">
    <rows>12</rows>
    <cols>1</cols>
    <dt>d</dt>
    <data>
      1.7999246672908291e+00 1.5438390908031377e-01
      -3.9616676280931329e-05 -8.9340485905971324e-05
      -1.1102769533926568e-02 2.0974378816751806e+00
      5.4668958023615211e-01 -2.1449269086587446e-02
      2.7036615676394820e-04 1.7836831610733438e-05
      -5.7513635189541164e-04 3.6581538964625894e-05</data></distortion_coefficients>
  <flag>49152</flag>
  <imageSize>
    1920 1440</imageSize></CalibrationData>
</opencv_storage>
